143,3
143,2
143,1
143,0
142,3
142,2
142,1
142,0
141,3
141,2
141,1
141,0
140,3
140,2
140,1
140,0
139,3
139,2
139,1
139,0
138,4
138,3
138,2
138,1
138,0
137,4
137,3
137,2
137,1
137,0
136,6
136,5
136,4
136,3
136,2
136,1
136,0
135,6
135,5
135,4
135,3
135,2
135,1
135,0
134,6
134,5
134,4
134,3
134,2
134,1
134,0
133,4
133,3
133,2
133,1
133,0
132,3
132,2
132,1
132,0
131,3
131,2
131,1
131,0
130,4
130,3
130,2
130,1
130,0
129,4
129,3
129,2
129,1
129,0
128,4
128,3
128,2
128,1
128,0
127,4
127,3
127,2
127,1
127,0
126,4
126,3
126,2
126,1
126,0
125,4
125,3
125,2
125,1
125,0
124,4
124,3
124,2
124,1
124,0
123,3
123,2
123,1
123,0
122,4
122,3
122,2
122,1
122,0
121,3
121,2
121,1
121,0
120,3
120,2
120,1
120,0
119,5
119,4
119,3
119,2
119,1
119,0
118,3
118,2
118,1
118,0
117,4
117,3
117,2
117,1
117,0
116,3
116,2
116,1
116,0
0,310
0,305
0,308
0,307
0,302
0,304
0,303
0,12
0,10
0,8
0,0
0,415
0,414
0,300
0,413
0,412
0,299
0,562
0,497
0,298
0,547
0,411
0,297
0,546
0,410
0,296
0,527
0,409
0,295
0,526
0,496
0,294
0,561
0,407
0,293
0,495
0,406
0,292
0,493
0,405
0,291
0,545
0,404
0,290
0,560
0,492
0,289
0,559
0,491
0,288
0,525
0,403
0,287
0,524
0,402
0,286
0,558
0,401
0,285
0,490
0,399
0,284
0,489
0,398
0,283
0,488
0,400
0,282
0,487
0,397
0,281
0,486
0,396
0,280
0,395
0,394
0,279
0,393
0,392
0,278
0,391
0,390
0,277
0,389
0,388
0,276
0,544
0,523
0,275
0,485
0,387
0,274
0,484
0,386
0,273
0,483
0,385
0,272
0,482
0,481
0,271
0,554
0,384
0,270
0,543
0,383
0,269
0,542
0,382
0,268
0,480
0,381
0,267
0,557
0,479
0,266
0,563
0,541
0,265
0,478
0,380
0,264
0,477
0,379
0,263
0,476
0,378
0,262
0,475
0,474
0,261
0,540
0,377
0,260
0,522
0,376
0,259
0,473
0,375
0,258
0,565
0,374
0,257
0,539
0,472
0,256
0,538
0,471
0,255
0,564
0,373
0,254
0,470
0,372
0,253
0,469
0,371
0,252
0,521
0,468
0,251
0,467
0,370
0,250
0,466
0,369
0,249
0,556
0,368
0,248
0,537
0,367
0,247
0,536
0,520
0,246
0,519
0,465
0,245
0,464
0,366
0,244
0,518
0,365
0,242
0,463
0,364
0,241
0,462
0,363
0,240
0,553
0,461
0,239
91,0
3,1
91,3
88,0
91,5
88,2
88,3
90,1
90,2
91,2
92,0
92,1
92,3
93,0
93,2
94,0
94,1
94,3
94,4
95,1
95,2
96,0
96,2
96,3
97,0
97,1
97,3
98,0
98,1
98,3
98,4
100,1
100,3
100,4
102,1
102,2
102,4
105,0
105,2
105,4
108,0
108,2
108,3
108,5
110,0
110,1
110,3
110,4
111,1
111,2
112,0
112,2
112,3
113,1
113,2
114,0
114,2
114,3
115,1
115,2
115,3
115,0
114,1
113,3
113,0
112,1
111,3
111,0
110,2
108,6
108,4
108,1
105,3
105,1
102,3
102,0
100,2
100,0
98,2
97,4
97,2
96,4
96,1
95,3
95,0
94,2
93,3
93,1
92,2
91,4
90,3
90,0
88,1
91,1
3,3
3,0
1,1
1,3
0,494
1,0
0,408
2,1
0,322
2,3
0,243
2,0
0,9
0,460
0,362
0,238
0,459
0,361
0,237
0,535
0,360
0,236
0,517
0,359
0,235
0,534
0,516
0,234
0,515
0,458
0,233
0,457
0,358
0,232
0,456
0,357
0,231
0,513
0,356
0,230
0,514
0,355
0,229
0,512
0,354
0,228
0,511
0,353
0,227
0,533
0,455
0,226
0,454
0,352
0,225
0,453
0,351
0,224
0,552
0,350
0,223
0,510
0,349
0,222
0,509
0,452
0,221
0,532
0,451
0,220
0,450
0,348
0,219
0,507
0,347
0,218
0,508
0,346
0,217
0,566
0,345
0,216
0,449
0,344
0,215
0,506
0,343
0,214
0,504
0,342
0,213
0,503
0,341
0,212
0,505
0,340
0,211
0,502
0,339
0,210
0,447
0,338
0,209
0,446
0,337
0,208
0,448
0,336
0,207
0,445
0,444
0,206
0,443
0,335
0,205
0,442
0,334
0,204
0,441
0,333
0,203
0,440
0,332
0,202
0,439
0,438
0,201
0,555
0,500
0,200
0,501
0,331
0,199
0,437
0,330
0,198
0,436
0,329
0,197
0,499
0,328
0,196
0,531
0,434
0,195
0,530
0,433
0,194
0,435
0,327
0,193
0,432
0,326
0,192
0,431
0,325
0,63
0,430
0,324
0,62
0,429
0,323
0,61
0,428
0,321
0,60
0,427
0,426
0,59
0,498
0,320
0,58
0,425
0,319
0,57
0,424
0,318
0,56
0,551
0,317
0,55
0,550
0,529
0,54
0,549
0,423
0,53
0,548
0,316
0,52
0,528
0,315
0,51
0,421
0,314
0,50
0,420
0,313
0,49
0,422
0,312
0,48
0,419
0,311
0,47
0,418
0,309
0,46
0,417
0,306
0,45
0,416
0,301
0,6
0,5
0,1
0,11
0,4
0,2
0,3
0,7
